1739	67	290	-336	1
3340	408	289	-102	1
1717	-132	274	-54	1
3315	303	303	-155	1
3140	-406	267	-20	1
3138	47	283	35	1
1702	327	285	292	1
1742	-176	283	57	1
1723	-107	283	180	1
3875	260	293	-345	1
2658	-234	310	-385	2
2651	86	291	-159	2
2662	244	301	425	2
2614	99	291	185	2
2621	275	300	185	2
2656	-115	292	-175	2
3885	21	291	209	2
2629	43	296	380	2
2639	-83	304	25	2
2640	-95	297	73	2
2641	-87	295	103	2
2642	-116	301	63	2
2659	367	289	-42	2
2417	270	109	-153	3
2395	-457	148	416	3
2386	-234	141	417	3
2368	-257	146	386	3
2365	435	108	-34	3
2362	443	135	1	3
2444	-254	110	-359	3
2394	-433	173	470	3
2398	-412	141	443	3
2446	353	110	-210	3
2482	-455	148	414	3
2473	230	153	388	3
3887	-179	130	460	3
2415	141	111	-84	3
2406	-54	114	-71	3
4057	-412	304	-181	1
4058	-395	282	10	1
1724	-95	282	52	1
4566	99	283	-86	1
4112	170	111	-188	3
6331	40	218	346	4
6357	-272	220	342	4
6358	-258	224	389	4
6374	-432	235	466	4
6375	-167	219	178	4
6541	-390	218	176	4
6380	-117	219	229	4
6384	-161	219	-332	4
6389	-435	223	-143	4
6390	-185	218	-293	4
6397	-219	219	-142	4
6398	-134	220	24	4
6402	381	219	12	4
6400	-420	234	-336	4
6407	72	227	-108	4
6414	-41	219	-470	4
6415	-41	219	-244	4
6416	77	230	-134	4
6417	76	220	20	4
6542	-438	219	-133	4
7425	-66	302	364	7
4132	-215	291	299	2
8202	212	127	-200	3
8020	-199	301	75	2
8008	10	289	380	1
7063	160	115	350	5
7070	339	114	286	5
7071	436	117	248	5
7095	-352	121	12	5
7061	360	125	27	5
6962	434	214	-282	6
7251	399	231	-97	6
6970	411	257	-127	6
6971	426	232	-69	6
6976	195	224	173	6
6979	234	219	-3	6
6983	350	236	470	6
6989	124	220	-67	6
6991	291	232	-202	6
6992	25	226	-138	6
6996	141	219	-332	6
6999	213	221	-315	6
7007	-224	224	-294	6
7008	-242	227	-122	6
7017	-222	223	-130	6
7018	-375	228	-82	6
7020	-422	249	-11	6
7030	-344	277	245	6
7033	-280	269	112	6
7673	26	300	-58	7
7677	387	307	-244	7
7683	-194	299	-300	7
7684	-324	304	-318	7
7685	-242	298	-240	7
12419	-188	100	-185	1
12420	67	100	308	2
12421	19	100	252	2
12422	-265	100	169	1
12423	160	100	-28	7
12424	152	100	87	3
12425	-22	100	-67	3
12426	-72	100	63	3
12427	19	100	106	2
12428	-107	100	174	1
12429	287	100	-300	2
12430	368	100	254	7
12431	-111	100	348	7
12432	-148	100	-309	5
12433	-99	100	209	1
12434	-422	100	419	3
12435	125	100	-77	2
12436	98	100	224	1
12437	-346	100	201	2
12438	212	100	-104	3
12439	-38	100	-119	1
12440	-284	100	-248	1
12441	-343	100	-183	1
12442	114	100	89	1
12443	65	100	181	2
12444	-9	100	190	2
12445	113	100	-281	3
12446	-35	100	400	2
7428	-355	218	35	4
7426	-273	218	321	4
7435	-186	116	-364	5
7441	197	215	-112	6
7446	182	298	-86	7
12802	209	0	343	1
12803	325	0	-121	1
12804	331	0	251	1
12805	357	0	124	7
13429	-85	307	-291	2
13276	-63	301	278	7
14395	-365	301	-276	1
14396	-338	218	189	4
15854	266	0	-120	7
15855	-389	0	322	5
20001	-62	73	216	102
20194	-28	111	-152	103
20005	52	34	-135	102
20008	64	81	-6	102
20009	18	81	18	102
20204	-27	100	-212	103
20393	-163	105	7	103
20019	-109	71	102	102
20085	118	107	-139	103
20087	123	138	62	103
23042	-73	284	-98	1
23045	143	279	-225	1
23044	294	298	270	2
21985	-358	369	-354	108
23017	244	368	92	108
22559	182	381	-411	108
22566	-257	349	-64	108
22567	-78	401	-414	108
22568	267	368	218	108
21927	-134	300	-179	107
21932	-433	300	175	107
22983	111	300	-318	107
22991	32	300	249	107
23006	-292	300	-337	107
23007	-148	300	-403	107
23008	116	300	-218	107
23009	26	300	398	107
23221	-216	280	242	10
23223	-322	284	287	10
23319	-322	284	287	10
23217	-235	279	171	10
23218	-292	275	217	10
23219	-352	276	226	10
23220	-380	275	322	10
20879	-135	85	106	102
20880	85	33	-110	102
20881	13	68	-84	102
20882	-217	45	-141	102
20883	-186	38	-145	102
20884	62	78	91	102
20885	122	97	98	102
20886	160	93	-20	102
20887	122	118	121	102
20888	112	98	-230	102
20889	24	125	-228	103
20890	86	112	-48	103
20891	171	112	-225	103
20892	29	115	-189	103
20893	3	126	-244	103
20894	176	132	-7	103
20895	284	124	215	103
20896	-40	111	79	103
20897	-127	112	160	103
20898	-103	107	52	103
21522	-255	318	-417	107
21524	177	300	-444	107
21525	43	307	-54	107
21526	-82	327	-236	107
21527	-82	298	-12	107
21528	-143	306	7	107
21529	-289	325	-19	107
21530	27	299	427	107
21531	83	302	328	107
21532	-432	295	281	107
21533	401	315	93	107
21534	179	305	46	107
21535	461	302	38	107
21536	448	320	214	107
21537	320	445	320	107
21538	469	387	-391	108
21539	455	387	-92	108
21540	183	370	46	108
21541	443	387	83	108
21542	189	368	253	108
21543	68	373	-84	108
21544	-12	365	-144	108
21545	-168	352	-39	108
21546	-25	384	-270	108
21547	-326	358	-260	108
21548	-75	414	-341	108
21549	111	404	-457	108
21550	-181	391	219	108
21551	-449	379	127	108
21552	-414	416	379	108
22603	-42	200	186	7
22604	-42	200	162	7
22605	-42	200	142	7
22606	-70	200	186	7
22607	-70	200	162	7
22608	-70	200	141	7
22609	218	200	47	7
22610	238	200	47	7
22611	258	200	47	7
22612	218	200	22	7
22613	238	200	22	7
22614	258	200	22	7
23922	-308	286	274	10
23923	-210	280	457	10
23924	-292	275	160	10
23925	-378	278	464	10
23926	-306	286	333	10
23927	-343	279	156	10
23928	-387	277	191	10
23929	-219	280	184	10
23930	-319	276	152	10
23931	-416	277	288	10
23932	-246	276	454	10
23933	-285	276	452	10
23934	-270	275	447	10
23935	-268	280	430	10
23936	-298	275	436	10
24774	271	100	-177	104
24668	-68	100	-119	104
24681	-133	100	-114	104
24682	-124	100	-103	104
24680	-94	100	-106	104
24683	142	100	-188	104
24804	-263	100	-232	104
24805	-245	100	-214	104
24806	-284	100	-193	104
24783	404	0	83	106
24782	57	0	-205	106
24823	406	0	167	105
24822	410	0	11	105
25424	-33	60	-201	104
27763	379	200	-364	107
27762	211	200	-73	107
28163	233	0	-95	7
30400	-62	0	62	7
35589	366	0	242	7
34529	-245	0	-60	11
34526	-273	0	68	11
34528	3	0	187	11
34525	140	0	230	11
34527	150	0	-172	11
34524	67	0	-274	11
38407	-271	138	212	12
38408	-323	140	-228	12
38409	322	138	109	12
38410	-313	141	20	12
38411	-13	141	-278	12
38412	150	140	245	12
38413	-271	138	212	12
38414	-323	140	-228	12
38415	323	138	108	12
38416	-313	140	20	12
38417	-13	140	-278	12
38418	150	140	245	12
38397	97	141	14	12
38398	-129	141	-75	12
38399	-289	135	-183	12
38400	297	135	51	12
38401	29	135	236	12
38402	69	134	-230	12
38403	-200	138	278	12
38404	153	135	-87	12
38405	-99	135	99	12
43449	312	135	362	1
42604	-71	360	-10	15
42605	21	360	-29	15
42603	40	361	61	15
42616	169	360	126	15
45213	367	300	257	7
45216	-288	300	-287	107
45471	212	368	89	108
45472	22	365	-75	108
42640	11	0	66	15
50442   -295    282     209     1
50489   139     296     -379     2